1000 0
54.914147 81.005850
95.720761 94.404900
51.061187 63.682039
38.911326 66.190027
62.191317 82.929043
38.743302 50.548256
80.888313 95.288122
60.450242 40.398740
82.113728 35.892197
96.051015 35.045148
51.994009 10.146126
67.539110 12.051233
89.495189 65.023451
6.129297 66.708506
49.931371 86.356427
95.231175 6.158062
50.449928 22.722242
22.433403 6.302754
72.385728 93.343828
75.957683 38.056544
75.534726 94.049200
13.447025 66.265388
93.319179 26.894185
37.187633 11.912570
15.190996 80.978720
93.408985 98.031235
44.065022 16.931562
26.144412 76.104420
16.335297 32.482900
30.886739 27.665874
91.062446 99.484180
46.408665 52.549824
46.614349 47.374083
93.107701 56.881531
71.108168 50.397536
6.352364 14.309025
95.002315 40.088256
98.533712 36.814607
77.614745 70.958823
59.198754 35.952486
4.573629 62.096459
95.080533 88.846329
14.518901 53.659127
5.628123 5.654656
76.548663 92.394289
5.987346 3.083365
16.416411 94.959552
37.262954 91.673845
72.443667 87.263764
46.988057 81.409781
26.205248 82.063908
68.089533 85.262196
31.718168 91.806479
16.196242 66.783866
49.088355 32.847644
27.036676 89.394952
57.052105 18.049908
19.788476 10.990161
38.743302 3.635001
67.469583 83.935856
16.613405 77.515164
70.418690 18.836669
80.117721 58.717306
29.160150 46.388371
17.554918 90.136496
77.200480 54.063058
14.553665 5.286898
51.223417 35.635973
37.086239 40.290221
37.425184 4.563440
26.034327 79.076628
57.808212 41.073967
39.997687 3.074321
50.273213 6.860420
5.239930 12.536553
15.072221 91.037805
13.151535 33.595217
57.611219 42.147097
64.613177 41.523114
10.164766 27.834681
11.847902 19.168254
71.322543 87.914877
21.063139 96.937004
57.280965 35.997702
28.163595 87.170317
32.743692 34.990889
29.698985 45.875922
10.535578 46.897807
61.052811 86.838732
63.726707 61.433289
90.265781 93.319713
58.248551 94.121546
8.435280 21.814905
65.024546 80.375838
40.104874 60.185324
89.967394 39.132688
45.794509 50.521127
86.013040 39.841074
33.615678 7.261336
24.640888 50.105138
67.359498 54.403686
41.759040 86.715142
84.300935 31.858918
55.722399 55.956107
88.452282 58.117439
11.503163 2.263445
93.319179 27.421707
53.790125 52.311686
90.091963 20.012288
74.413602 82.229700
79.755601 97.557973
25.246353 74.123953
65.375079 79.462472
62.249256 4.400661
43.056879 44.003973
13.307971 32.449742
77.663994 75.709533
83.307277 29.730744
27.175730 2.896471
10.862934 8.081255
45.919078 17.447026
14.046696 92.129021
6.737660 56.215346
75.053831 14.251752
16.465660 21.459205
46.779476 36.537281
69.845092 3.761607
74.019615 18.628674
66.994481 16.690409
15.162027 17.498271
43.195933 85.834934
15.051942 27.041891
32.494554 3.912327
60.540048 70.485561
78.321604 88.466514
4.924161 31.397713
97.467630 80.794841
76.108325 41.291005
15.663201 90.787609
32.230930 19.315960
70.974907 34.861269
17.276809 71.043227
89.472013 88.852358
46.356519 45.526250
97.490806 84.674386
34.044429 56.393196
30.811418 76.258155
48.340939 68.634713
50.623745 3.595814
45.696012 60.453606
81.009986 87.758127
98.652488 47.220348
77.834915 83.239527
86.745971 94.013027
23.438649 8.271163
52.066433 97.633333
17.899656 84.354859
95.222484 57.282447
30.843285 36.262970
63.819410 22.110317
64.282924 27.424721
92.505133 39.699397
5.654196 23.587378
63.422526 83.938870
16.477248 57.231202
90.248399 88.789055
71.316749 62.343641
94.709721 66.373906
62.040675 72.842829
9.182696 40.802671
31.286520 46.946037
98.157107 72.502201
51.657961 11.963815
84.393638 5.699872
73.918221 88.137943
84.802110 3.969601
20.136111 98.275402
48.451023 24.928790
65.354800 0.967249
37.233984 89.183943
54.760608 63.944292
35.052572 87.224577
88.301640 39.829016
12.305622 90.425880
80.604411 14.324098
70.650447 8.626864
43.401618 16.042311
65.861768 54.304211
37.390420 70.247423
52.576298 65.638390
21.914846 57.559773
94.408437 37.426532
68.251762 72.107313
23.809460 10.947959
25.744631 47.585092
68.341568 91.339246
55.832484 37.070832
79.900449 27.614629
79.048742 13.877965
87.203691 12.910339
24.623506 85.385787
97.913762 65.804183
66.948129 85.928381
67.095874 45.375530
80.526193 33.317892
46.793961 31.467044
60.725454 19.982144
9.504259 60.770119
77.481485 35.572670
24.814706 36.751304
85.317769 69.894737
92.154600 88.116842
55.403734 5.380345
24.119435 20.720674
88.542088 42.964002
12.308519 14.423573
25.486801 84.068490
86.827086 24.455528
17.126167 96.698866
50.617951 38.798088
52.138857 85.825891
93.304695 34.014220
94.422922 16.913475
58.436853 3.032120
62.031984 90.745407
36.935597 82.687891
65.829902 39.177904
70.780811 67.962500
44.693663 13.076132
25.970594 19.882669
69.807431 52.836193
76.780420 68.752275
75.146533 21.386859
12.473645 33.152099
96.882443 52.040389
86.812602 18.387522
63.584756 32.748168
7.745803 46.674740
30.052414 55.895819
21.622253 80.303493
86.537390 58.813767
24.875542 70.452402
76.789111 90.314347
87.954005 10.067751
65.349006 21.016087
33.105813 18.562357
73.761785 34.071494
26.912107 41.646705
26.135721 22.574536
19.026575 83.043591
37.497608 20.470478
82.907496 57.478384
86.801014 89.605960
59.627505 82.983303
62.405692 11.749792
85.876883 5.549151
76.209719 72.725267
27.500190 60.649543
40.811733 27.891955
64.251057 81.910173
19.588585 5.497907
67.330528 50.352320
59.358087 42.056665
15.414062 85.928381
66.203610 30.743586
40.046935 7.855175
47.851352 36.540296
67.756382 22.592623
49.221615 92.246583
23.059147 97.820226
9.527435 21.667199
85.007794 75.112679
6.697102 83.308859
62.912660 55.229634
73.333035 17.655020
41.874918 46.605409
49.922680 57.026222
34.757081 90.199799
83.449228 98.236215
31.831149 48.824014
53.816198 4.439849
83.249338 76.547538
55.012644 2.082581
96.911413 67.323445
23.644333 89.503470
31.086630 86.190634
72.142383 90.106352
69.375784 82.211614
93.918851 56.824257
33.514284 96.273834
7.974663 92.623384
89.726946 53.113519
64.503093 83.987101
10.596414 54.397657
15.993455 91.312116
92.409533 64.634592
87.722248 16.416098
40.655297 5.549151
83.941712 81.292219
62.770709 39.669253
38.366697 46.867662
6.143782 83.230484
74.233990 88.804127
21.112388 8.346523
34.675966 73.750166
10.804995 68.438777
61.041223 54.298182
18.626794 43.584971
21.914846 10.197371
49.285349 96.921932
14.704307 73.593417
50.238449 60.842465
32.320736 56.088741
68.312599 45.291126
67.634709 9.311135
74.277445 74.702720
77.185995 44.037132
39.754342 65.427382
32.604638 53.083375
43.975216 23.316081
50.823636 32.434670
45.519297 94.064272
72.078650 65.342978
45.794509 49.680107
26.106751 71.245192
89.570510 16.771798
50.403576 63.428828
69.891443 54.448902
87.226867 29.528779
16.711902 91.239770
36.984846 79.989994
77.226552 1.898702
79.405068 77.376501
12.812590 49.399766
61.947972 83.097850
78.564949 90.097309
34.942487 44.221011
72.689909 39.283408
73.472089 56.902632
35.446559 93.802018
41.591016 24.259591
49.433094 48.181945
96.876649 45.221795
57.848770 53.194908
27.844929 55.793329
95.292011 78.980167
25.857612 59.332246
44.111374 36.588526
34.762875 59.895940
70.241976 91.887868
90.074581 47.491645
92.180673 63.642851
24.974039 38.330855
6.595708 7.912449
5.631020 24.949891
68.353156 90.320375
83.315968 36.917097
15.944207 70.404172
35.950630 68.185566
42.225451 55.564234
59.720208 71.820944
18.087959 83.007418
71.070507 74.503769
69.042633 88.508715
78.341883 18.824611
51.405925 92.210410
47.755752 77.283054
78.822779 85.967568
14.359568 58.192799
25.521565 45.122319
96.720213 30.285396
62.118893 43.114723
26.807816 94.772658
55.409527 2.824125
37.205015 48.811957
77.832018 50.774337
59.114743 29.983955
47.938261 20.383061
22.569560 21.151735
82.985714 58.129496
15.961588 95.595592
59.697032 88.593119
58.590392 71.980708
59.181373 92.270698
46.967779 63.902091
97.143170 38.653397
8.307813 0.970263
55.986023 45.583524
82.803205 1.259647
23.513970 2.501583
83.327556 67.187797
56.324968 18.785424
47.651462 95.637794
47.196639 45.860850
18.035814 57.306563
43.595714 34.225229
83.565107 51.980101
82.806102 60.607341
59.285663 94.700312
80.653659 8.494230
27.248154 30.975696
73.434428 15.153060
69.419238 28.663644
20.958849 83.091821
37.827862 69.135105
39.962923 69.074817
65.041928 70.669440
85.905852 29.076618
97.386515 54.473018
47.315414 57.987819
8.267256 10.709821
30.153808 96.300964
92.904914 60.275756
87.658515 27.955257
84.439989 75.815037
27.479911 47.648395
5.002379 49.149570
70.389721 41.396509
42.477487 72.300235
49.667748 32.962191
13.626637 33.920774
13.832321 44.757576
65.899429 71.432085
16.703211 43.084579
46.020472 3.939457
58.978585 94.211978
41.958930 70.262495
53.720598 18.279003
96.004664 11.894483
20.422911 50.466867
76.696408 10.528956
95.373126 18.381493
80.468254 26.038093
88.307434 26.737436
72.588515 56.857416
71.594857 59.588471
87.441242 41.685893
23.296698 9.446783
77.487279 47.705668
10.315408 12.988714
66.464337 56.920718
72.107620 34.559828
75.838907 94.570693
57.118735 58.696205
5.468790 11.231313
91.276821 30.550664
76.586324 57.638148
32.117949 16.404040
24.600331 82.241758
11.801550 19.430507
23.035971 70.910593
42.912031 21.778732
7.238834 56.378124
30.837491 83.161153
94.356292 42.529927
65.195467 79.263521
97.279327 45.402659
55.849866 95.514203
69.610438 7.071428
9.872173 71.727498
69.120851 79.338882
14.996900 9.513100
32.682856 45.664913
86.827086 29.393131
38.491266 57.463312
84.422607 9.076011
44.858790 70.301682
41.420095 65.400252
46.049441 57.378908
73.089690 30.945551
19.098999 64.999336
16.630787 76.788691
32.535111 14.366299
53.526502 39.807915
80.856447 92.349073
98.058610 1.066725
15.634232 55.151260
55.160389 68.794477
86.386748 65.493699
60.673308 35.765592
88.883930 4.400661
54.320270 25.414110
7.276495 75.703504
76.690614 30.746600
52.700867 39.500446
71.006774 53.080360
42.060324 90.251044
11.390181 28.739004
6.575430 24.214375
87.681690 65.400252
75.213163 8.376668
59.815808 77.466933
98.765469 89.361793
74.868425 33.628376
97.270636 75.290530
66.319488 4.681002
98.026744 89.949603
28.589448 39.527575
67.255207 73.822512
90.065890 45.161507
21.376011 12.997757
19.692876 93.639240
71.765778 59.464880
33.094225 47.808158
14.324805 52.016274
65.178085 15.276651
21.277515 70.606137
39.690609 28.555125
53.129618 51.775121
11.384388 65.707722
22.807111 98.031235
53.262878 93.587995
38.595557 2.567900
93.562524 62.630010
5.019761 17.419896
49.586633 29.191165
91.612868 3.547584
83.353628 38.050515
19.704464 77.427746
92.053207 39.871218
6.213309 90.272145
61.959560 68.878881
80.468254 66.651232
19.072926 66.560800
43.482733 25.178986
65.992132 70.524748
13.293486 23.970208
92.629702 55.564234
28.621315 38.798088
30.014754 47.289680
78.402719 22.848848
44.919626 91.664802
73.671979 52.269484
25.709867 9.425682
85.120775 17.407838
35.423383 99.098336
78.023217 48.139743
38.276891 50.674862
37.454154 46.505933
6.051079 98.139754
95.152957 9.018737
39.490718 92.478693
32.135330 5.730016
92.389254 29.543851
46.715743 16.744668
72.603000 84.972813
73.561895 73.741123
97.505290 35.825880
18.102444 18.158426
64.358245 72.218846
90.509126 15.056599
21.842422 14.070887
91.192809 47.759928
28.551788 22.809660
59.595638 26.206900
35.414692 20.678473
94.046317 18.173498
91.633147 18.538242
45.701806 63.211791
82.136904 46.415501
26.987428 66.262373
55.508024 10.950973
64.401699 20.988957
65.618424 50.765294
25.880788 71.980708
16.419308 34.698491
51.191550 73.291976
46.791064 57.993848
52.503874 29.161021
46.431841 87.550133
32.422130 86.612652
73.715434 18.634703
71.429730 82.956173
76.623984 72.131428
23.331461 83.574127
23.238758 29.037430
48.908743 36.320244
76.919474 95.719183
32.871159 76.634956
24.096259 19.979130
58.558526 4.819664
57.958855 41.571345
80.381345 62.301439
37.520784 99.701218
19.183011 46.581294
84.802110 90.974502
34.293567 77.075060
19.284404 69.656598
14.069872 51.558084
17.749014 22.936265
32.262797 18.806524
93.614670 88.550917
52.524153 87.646594
24.414925 57.255318
58.807665 23.668767
74.474438 15.261579
33.184031 18.309147
59.494245 80.134686
9.472392 15.867475
42.909134 97.548929
98.881348 70.904564
20.854558 18.055936
51.602919 10.541014
81.934117 43.349847
54.088513 83.938870
12.467852 75.857239
47.758649 83.269672
23.247449 30.520520
28.305546 1.298834
49.589530 48.763726
35.165553 6.227394
60.195310 99.137523
12.178155 33.176215
60.632751 79.028397
52.538638 32.600462
43.607302 99.399777
69.969661 88.466514
90.726398 91.453793
73.712537 63.561462
23.528455 96.391396
89.260535 59.160424
42.535426 80.824985
48.065727 62.265266
43.447969 46.349184
17.158034 67.649002
93.411882 66.018206
47.718092 35.714347
41.266556 28.555125
13.449922 84.363902
80.216218 7.026212
46.912736 78.380299
46.956191 45.095190
46.026266 2.248373
35.151068 80.065354
92.957059 82.401522
12.351973 79.872432
67.785351 69.270754
68.952827 26.677148
14.382744 3.466195
32.523523 21.848064
15.495177 98.619045
76.085149 46.156262
90.274472 89.587874
9.455010 45.074089
10.416802 24.702709
21.393393 70.572979
22.746275 85.120519
87.003801 62.750586
96.146615 26.993661
48.737823 89.259303
9.698355 76.924340
53.523605 33.170186
83.226162 24.196289
31.947028 41.149328
25.808364 19.373233
85.335151 31.123402
70.146376 20.349902
86.911098 65.210344
64.688499 12.563682
78.165168 84.671372
26.932386 18.776380
51.330604 22.372571
13.154432 49.574602
34.641203 73.683849
55.058995 96.557189
20.538789 66.961716
12.053586 23.038755
83.933021 85.180807
89.715358 46.855605
40.834909 94.555621
69.482972 89.756681
38.650599 40.245005
88.533397 70.732742
4.562041 41.794411
65.630011 10.516898
7.780566 74.057636
42.338432 49.050095
31.648641 50.355334
54.224670 33.305834
72.232189 88.719724
92.713714 61.448361
8.704697 1.241560
6.326291 60.251641
67.176989 59.214684
91.821450 78.048714
89.248947 98.564785
40.582873 61.647312
40.730618 6.025428
28.493848 9.220702
66.658433 33.420382
95.813464 57.812983
60.024389 29.462462
86.424409 14.652668
87.977180 86.247908
90.080375 63.923191
29.139871 10.649532
49.774935 83.938870
50.620848 19.062749
91.638941 96.560203
88.469664 65.644419
49.612705 74.000362
55.119831 4.967370
27.103306 44.456135
76.667439 73.563273
88.156792 5.799347
15.416959 38.954838
65.986338 94.863090
48.679883 56.634349
49.537384 27.696018
40.406158 3.131595
67.808527 36.311200
46.200084 29.335857
7.195380 45.405674
67.970757 89.967689
85.294593 6.013371
69.871165 8.033025
68.512489 6.375100
80.398726 3.237099
25.084123 14.869706
63.335617 82.371378
41.446168 48.344723
46.927221 97.395194
79.723734 28.121050
99.008814 54.503162
62.327474 18.173498
67.970757 10.544028
32.393160 8.949405
6.164061 29.043459
96.363887 40.208832
56.611767 26.077280
92.348697 23.807430
55.067686 77.011757
19.594379 59.829623
96.416032 26.647004
33.525872 14.384386
39.227095 60.254655
92.424018 41.378423
51.730385 90.305303
53.706113 26.423937
78.197035 11.517682
21.077624 30.285396
44.149034 61.825162
31.787695 6.363042
8.345474 82.344248
24.449689 79.372040
86.551875 74.738893
30.973648 54.855848
19.516161 58.849940
14.223411 39.337668
13.736721 48.600948
54.401384 50.554285
69.532220 25.760767
20.941467 3.641030
89.457528 38.168077
97.441557 27.090122
69.978352 5.642598
62.362238 24.895632
11.520545 51.657559
21.981477 19.123037
83.820039 54.979438
23.696478 90.573586
17.189900 29.549880
12.149186 68.890938
60.299600 26.879113
24.325119 61.647312
6.943344 82.624588
92.644187 96.967148
56.293101 86.950266
36.993537 68.080062
9.118963 1.576160
38.618733 32.268877
89.851515 6.809175
88.405931 77.078074
86.818395 13.642841
56.855112 3.842996
5.581772 0.997393
91.998165 16.925533
66.858323 20.566940
54.911250 1.699751
16.416411 45.176579
72.272746 61.376015
40.000584 83.601257
61.232422 93.262439
23.169231 46.288896
21.300690 86.748300
18.670248 81.265089
87.600575 10.152155
85.094703 74.458553
51.860748 79.775971
81.227258 21.492363
98.333822 80.740582
47.961437 63.953335
87.817848 14.526063
53.425108 20.413205
86.320118 51.431478
38.346418 69.774160
41.000036 87.360225
56.099005 46.533063
65.963162 43.907512
20.521407 92.098877
94.854570 25.905459
20.518510 22.984496
78.011629 92.526923
29.681603 61.225295
50.733830 40.160601
69.958073 90.284202
16.375854 39.747627
37.349863 81.819741
14.985312 57.351779
58.767107 41.854699
36.408350 85.961539
18.484843 47.458487
53.732186 6.311797
72.600103 6.561993
25.741734 18.182542
30.481165 8.328437
49.383845 64.806413
86.163682 7.719526
36.292472 80.906375
19.211980 8.026996
43.613096 79.601135
12.519997 77.662870
63.622416 31.946335
16.691623 80.855130
22.673851 36.042918
49.070973 38.991010
28.033231 37.984198
65.783550 14.514005
94.272280 95.490088
86.099949 38.951823
52.301087 51.413392
61.878445 63.552419
11.816035 3.023076
76.476239 59.033819
86.783632 39.165846
81.059234 45.309213
39.510997 38.572008
37.514990 78.959066
21.037067 75.688432
55.629697 78.060772
25.718558 54.225836
64.685602 6.064616
92.087970 3.788736
31.101115 96.756140
6.995489 54.919150
72.420492 61.535779
70.479527 46.201478
55.313928 23.195505
64.587105 50.674862
21.428157 43.060463
72.003329 96.011580
79.431141 96.698866
97.876102 69.315970
62.924248 32.072941
52.266323 56.592148
60.650133 81.177671
84.306729 33.396266
30.266789 76.212939
72.574031 45.719172
76.789111 15.626322
66.415088 93.946710
81.557511 32.286964
8.087644 68.743232
73.017266 38.538849
55.783236 38.207264
25.142063 63.615722
27.297403 49.863986
95.100811 76.556582
43.801399 43.178025
80.891210 13.811648
39.137289 23.882790
59.865056 88.689580
24.272974 9.277976
39.560245 27.602571
6.320497 93.376987
12.175258 75.965757
27.914456 42.246573
47.802104 48.076441
80.679732 52.501594
14.052490 54.044971
73.773373 9.048881
76.059077 67.094350
85.902955 60.290828
45.672836 87.547119
37.590311 44.489293
62.793885 42.333991
56.295998 91.595471
13.160226 89.813955
6.659442 33.016451
70.618581 73.626576
28.044819 42.418394
53.007946 79.477544
77.012177 41.254832
74.546862 48.344723
32.144021 94.546577
88.973736 4.910097
67.498552 22.071130
46.918530 40.012895
4.310005 55.362268
65.317139 25.516600
5.196476 74.238501
54.172524 77.153435
86.433099 43.491524
96.966455 64.511001
53.097751 72.414783
80.728980 72.704166
85.581392 50.870798
62.011705 16.150830
69.952279 50.286003
54.554924 12.672201
83.970681 60.429491
60.395200 14.637596
36.335926 52.790977
74.477335 9.018737
16.616302 27.958272
30.110353 73.373365
17.934420 50.068965
79.804849 19.129066
20.272269 24.479643
39.783311 82.259844
45.780024 11.939700
6.416097 22.158548
34.797639 45.254953
23.548733 64.269848
8.330989 44.097420
49.682232 59.534211
80.902798 78.084887
97.331473 98.676318
30.087178 92.168208
84.880328 40.890088
75.105976 35.789708
32.682856 9.672864
7.690760 3.842996
48.766792 6.806160
36.292472 46.735028
71.447112 5.720973
12.265064 47.817201
48.213472 58.219929
19.316271 16.910461
43.598611 96.530059
39.108319 12.868138
6.088740 51.211427
60.508182 43.937656
15.796462 65.677578
54.062440 47.817201
78.425895 44.971599
40.099080 3.833952
97.444454 97.582088
51.707209 81.620790
39.232889 21.296427
31.150363 88.484600
68.776113 83.402306
30.536207 95.378555
6.187237 60.911796
90.795925 22.004813
64.986886 75.145838
74.888704 60.996200
39.032998 87.658652
63.324029 18.010720
38.201570 11.348875
69.068706 40.338451
34.649894 69.526979
59.662268 20.666415
85.639332 97.132941
87.806260 49.800683
13.684576 83.851453
94.330219 94.000969
30.214644 60.673658
39.154671 85.388801
39.348767 49.164643
19.075823 82.751193
57.237511 51.844453
78.704003 11.981901
53.144103 12.633014
37.923461 26.372692
33.957520 22.152519
86.349088 8.210875
7.250422 5.377330
94.979139 42.129011
75.068315 55.419542
9.310162 85.313441
8.756842 58.292274
33.496903 72.369567
75.841804 68.743232
27.117791 62.819918
96.079985 82.039792
51.602919 88.623263
16.572847 69.086875
64.022197 1.084811
27.216288 6.347970
30.770861 61.134863
89.020087 76.496293
72.646455 4.132379
29.160150 79.815158
15.269214 88.894560
75.302969 10.278760
44.748705 84.204138
40.330837 46.114060
38.989544 97.503713
67.643400 32.009638
