30 0
87.641133 3.577728
35.921660 66.817025
91.273924 54.099231
23.638539 48.001080
12.702505 81.141498
23.169231 3.680218
77.417752 32.482900
43.129303 33.130998
21.897465 96.777241
53.190454 34.345805
46.455016 47.910648
40.041141 50.931086
13.609255 21.040202
30.909915 70.503647
63.129933 7.059371
51.973730 43.223241
71.820820 44.088377
36.576374 49.463069
85.030970 71.908362
30.226232 2.329762
97.166346 45.149449
42.816431 98.145782
74.207917 61.279554
84.912194 17.772582
19.391592 12.705360
23.290904 67.365647
25.730146 99.454036
77.432237 88.370052
21.709162 32.531131
73.205568 16.826057
0 1 82
0 2 51
0 3 78
0 4 108
0 5 64
0 6 31
0 7 53
0 8 114
0 9 46
0 10 61
0 11 67
0 12 76
0 13 88
0 14 25
0 15 53
0 16 43
0 17 69
0 18 68
0 19 57
0 20 43
0 21 105
0 22 59
0 23 14
0 24 69
0 25 91
0 26 114
0 27 85
0 28 72
0 29 20
1 2 57
1 3 22
1 4 27
1 5 64
1 6 54
1 7 34
1 8 33
1 9 37
1 10 22
1 11 16
1 12 51
1 13 6
1 14 66
1 15 29
1 16 42
1 17 17
1 18 49
1 19 65
1 20 65
1 21 32
1 22 39
1 23 69
1 24 57
1 25 13
1 26 34
1 27 47
1 28 37
1 29 62
2 3 68
2 4 83
2 5 85
2 6 26
2 7 53
2 8 81
2 9 43
2 10 45
2 11 51
2 12 84
2 13 63
2 14 55
2 15 41
2 16 22
2 17 55
2 18 19
2 19 80
2 20 11
2 21 65
2 22 19
2 23 37
2 24 83
2 25 69
2 26 80
2 27 37
2 28 73
2 29 41
3 4 35
3 5 44
3 6 56
3 7 25
3 8 49
3 9 33
3 10 23
3 11 17
3 12 29
3 13 24
3 14 57
3 15 29
3 16 48
3 17 13
3 18 66
3 19 46
3 20 74
3 21 54
3 22 52
3 23 68
3 24 36
3 25 19
3 26 51
3 27 67
3 28 16
3 29 59
4 5 78
4 6 81
4 7 57
4 8 18
4 9 62
4 10 47
4 11 41
4 12 60
4 13 21
4 14 90
4 15 55
4 16 70
4 17 40
4 18 73
4 19 81
4 20 92
4 21 35
4 22 65
4 23 96
4 24 69
4 25 17
4 26 22
4 27 65
4 28 49
4 29 88
5 6 61
5 7 36
5 8 93
5 9 43
5 10 50
5 11 50
5 12 20
5 13 67
5 14 40
5 15 49
5 16 63
5 17 48
5 18 92
5 19 7
5 20 85
5 21 96
5 22 77
5 23 63
5 24 10
5 25 64
5 26 96
5 27 101
5 28 29
5 29 52
6 7 34
6 8 85
6 9 24
6 10 35
6 11 42
6 12 65
6 13 60
6 14 29
6 15 28
6 16 13
6 17 44
6 18 40
6 19 56
6 20 23
6 21 74
6 22 29
6 23 17
6 24 61
6 25 64
6 26 85
6 27 56
6 28 56
6 29 16
7 8 67
7 9 10
7 10 15
7 11 18
7 12 32
7 13 39
7 14 33
7 15 13
7 16 31
7 17 18
7 18 57
7 19 33
7 20 55
7 21 65
7 22 42
7 23 45
7 24 31
7 25 40
7 26 69
7 27 65
7 28 21
7 29 34
8 9 70
8 10 55
8 11 49
8 12 76
8 13 28
8 14 99
8 15 61
8 16 73
8 17 50
8 18 68
8 19 95
8 20 91
8 21 21
8 22 63
8 23 101
8 24 84
8 25 29
8 26 5
8 27 56
8 28 64
8 29 95
9 10 15
9 11 21
9 12 42
9 13 42
9 14 29
9 15 9
9 16 21
9 17 22
9 18 49
9 19 39
9 20 45
9 21 65
9 22 34
9 23 36
9 24 40
9 25 45
9 26 71
9 27 59
9 28 32
9 29 27
10 11 7
10 12 42
10 13 27
10 14 44
10 15 7
10 16 26
10 17 10
10 18 45
10 19 48
10 20 51
10 21 50
10 22 31
10 23 49
10 24 44
10 25 30
10 26 56
10 27 51
10 28 29
10 29 41
11 12 40
11 13 22
11 14 50
11 15 14
11 16 33
11 17 4
11 18 50
11 19 50
11 20 57
11 21 47
11 22 36
11 23 56
11 24 43
11 25 23
11 26 51
11 27 53
11 28 26
11 29 48
12 13 52
12 14 51
12 15 44
12 16 63
12 17 37
12 18 88
12 19 25
12 20 87
12 21 82
12 22 73
12 23 71
12 24 10
12 25 47
12 26 79
12 27 93
12 28 14
12 29 60
13 14 71
13 15 34
13 16 49
13 17 22
13 18 54
13 19 68
13 20 71
13 21 30
13 22 44
13 23 75
13 24 59
13 25 8
13 26 29
13 27 50
13 28 39
13 29 68
14 15 38
14 16 38
14 17 50
14 18 68
14 19 33
14 20 51
14 21 93
14 22 55
14 23 24
14 24 44
14 25 72
14 26 100
14 27 83
14 28 49
14 29 14
15 16 20
15 17 17
15 18 44
15 19 46
15 20 45
15 21 56
15 22 29
15 23 42
15 24 45
15 25 37
15 26 62
15 27 52
15 28 32
15 29 34
16 17 36
16 18 31
16 19 59
16 20 25
16 21 61
16 22 17
16 23 29
16 24 61
16 25 54
16 26 72
16 27 45
16 28 51
16 29 27
17 18 53
17 19 48
17 20 61
17 21 49
17 22 39
17 23 58
17 24 41
17 25 22
17 26 51
17 27 56
17 28 23
17 29 49
18 19 89
18 20 29
18 21 50
18 22 15
18 23 54
18 24 88
18 25 62
18 26 65
18 27 18
18 28 75
18 29 56
19 20 79
19 21 97
19 22 74
19 23 57
19 24 15
19 25 65
19 26 97
19 27 98
19 28 31
19 29 45
20 21 76
20 22 28
20 23 30
20 24 84
20 25 77
20 26 90
20 27 48
20 28 77
20 29 37
21 22 48
21 23 91
21 24 89
21 25 36
21 26 17
21 27 36
21 28 69
21 29 87
22 23 45
22 24 73
22 25 51
22 26 62
22 27 27
22 28 60
22 29 44
23 24 66
23 25 79
23 26 101
23 27 71
23 28 65
23 29 12
24 25 55
24 26 87
24 27 95
24 28 20
24 29 54
25 26 32
25 27 58
25 28 35
25 29 71
26 27 53
26 28 67
26 29 95
27 28 79
27 29 72
28 29 54
